 100 1000 
 8000 627041. 
 8000 898636. 
 8000 832139. 
 8000 562322. 
 8000 828106. 
 8000 763634. 
 8000 572864. 
 8000 707992. 
 8000 855928. 
 8000 646279. 
 8000 867793. 
 8000 563152. 
 8000 567855. 
 8000 637481. 
 8000 734775. 
 8000 746804. 
 8000 792271. 
 8000 779890. 
 8000 750467. 
 8000 827549. 
 8000 761326. 
 8000 610945. 
 8000 588964. 
 8000 654736. 
 8000 870827. 
 8000 893012. 
 8000 738828. 
 8000 848277. 
 8000 807252. 
 8000 757697. 
 8000 668906. 
 8000 771280. 
 8000 876675. 
 8000 753898. 
 8000 886720. 
 8000 869429. 
 8000 568447. 
 8000 641454. 
 8000 844624. 
 8000 841235. 
 8000 731785. 
 8000 701181. 
 8000 585693. 
 8000 783284. 
 8000 838206. 
 8000 616954. 
 8000 777306. 
 8000 696881. 
 8000 912433. 
 8000 713827. 
 8000 728010. 
 8000 595780. 
 8000 726085. 
 8000 863190. 
 8000 844689. 
 8000 590662. 
 8000 649072. 
 8000 913109. 
 8000 576775. 
 8000 558666. 
 8000 787805. 
 8000 764145. 
 8000 767354. 
 8000 916003. 
 8000 742895. 
 8000 777805. 
 8000 781917. 
 8000 912976. 
 8000 595434. 
 8000 611891. 
 8000 759940. 
 8000 585429. 
 8000 799030. 
 8000 750056. 
 8000 746504. 
 8000 605395. 
 8000 710041. 
 8000 869748. 
 8000 709814. 
 8000 705589. 
 8000 635833. 
 8000 673797. 
 8000 742099. 
 8000 861437. 
 8000 632371. 
 8000 835707. 
 8000 754591. 
 8000 558703. 
 8000 704141. 
 8000 579709. 
 8000 613414. 
 8000 854905. 
 8000 713952. 
 8000 885683. 
 8000 884062. 
 8000 715537. 
 8000 815589. 
 8000 736888. 
 8000 580291. 
 8000 780756. 
 94 
 92218.71966 97512.25527 80844.09917 39019.90862 42627.98149 57013.53691 77824.12267 
 25315.47349 2622.63170 96258.23521 71678.58129 49262.60381 82393.78483 94246.16078 
 53991.44291 38244.11673 46195.36316 82097.51250 17226.14901 70333.02106 34037.63668 
 58017.89927 55276.31924 50373.30669 14697.97426 29725.62034 42862.87281 67844.71424 
 52210.29550 12704.82598 112259.00605 17700.21197 31335.83654 18003.77847 45537.02318 
 87692.12548 71170.95624 101194.40215 82437.08088 64184.10458 17843.04411 62767.26359 
 89694.27947 77619.81898 41292.93783 21705.83917 21236.78444 57476.50715 108913.50000 
 48117.27636 81170.64642 110451.13971 41323.73520 37884.83311 61339.87598 43696.19758 
 23121.03860 75138.37712 89059.46242 106152.73837 96418.05103 22320.48674 61036.44188 
 103938.61679 61346.36885 49239.05742 15209.35810 28343.00998 85745.47133 40362.07425 
 75836.26791 80581.70233 76122.88028 21543.41186 32244.28484 31248.97442 64566.24122 
 30893.28935 69488.03513 33050.48173 89885.94302 42237.19068 95500.73614 46840.46902 
 74833.57594 61114.43443 41966.53463 74407.12487 96479.44466 69847.03351 65560.94804 
 67598.76351 81627.59782 100899.98617 52088.94011 87661.33545 2849.73592 80341.81748 
 82434.46561 57373.58156 
 13 
 2660.21130 4363.40720 8549.06740 10002.91641 5026.23864 8868.95192 4864.59891 
 7160.38231 10632.07807 8139.89383 8179.16078 8566.28408 1167.18040 3564.02058 
 5970.37844 6920.11059 5653.08907 3599.46087 9650.74870 8660.21452 7613.52796 
 5348.01874 8308.46526 2627.55377 12698.98652 6768.41704 10353.63244 8181.48109 
 4201.14144 9390.89637 5107.87694 7307.19970 8368.83556 12158.21517 8733.44528 
 1609.04978 4231.05525 4610.88080 7401.49408 8880.02407 10171.81828 4692.87630 
 8456.08061 1391.94780 6152.83557 8213.38004 8896.63506 4381.45617 4101.05850 
 4061.34923 1275.33034 5089.13972 8845.23281 6006.32606 4370.05303 4782.77015 
 8296.06693 10166.58620 8485.49034 4503.12889 5584.57121 9241.72453 6394.93860 
 3236.57257 2613.98314 5378.15845 8511.43147 10157.05191 3061.75473 6791.04797 
 8650.20409 6978.75662 3010.55656 9411.29075 7428.40710 5802.05286 9721.98920 
 6420.24124 7727.47757 9717.85186 4637.46281 6342.63395 9134.16778 4438.30502 
 2284.76178 4022.97869 7175.10409 2597.73575 6576.61445 6794.75986 8279.69799 
 4822.83010 9510.22294 4650.63722 4840.61053 3154.42084 9461.11665 7242.53790 
 9671.12737 9424.13415 
 72 
 31257.17138 13810.26388 30353.00817 49398.34562 28364.75848 33524.32690 49035.04356 
 44656.34242 55598.76780 24598.03176 60759.50588 58975.95033 13235.92039 6314.00079 
 46869.18773 52766.89002 49780.50860 3136.41619 49328.33806 37771.79309 47661.08185 
 21091.02578 61295.65169 20225.28002 70136.38352 44151.10334 62856.79282 29661.31428 
 18254.26795 59289.46169 38759.59406 50667.50534 63315.42869 74305.47174 45510.59049 
 18569.39167 11454.48410 32661.71782 65507.80406 30444.51931 63283.01615 12576.76437 
 28885.21474 24285.36889 34150.11892 42549.46768 48950.55751 34745.91959 33332.86789 
 33296.02929 27083.95683 46180.25921 45728.96803 32445.04843 12197.11967 30683.48019 
 54266.88169 31807.45632 29628.63295 27097.36246 13261.52209 60062.76683 58848.23749 
 22153.38746 32180.42970 23821.31792 48023.43724 58899.49634 38575.70341 34077.35494 
 63715.40408 61456.54418 38511.93139 55650.83722 49469.88673 41961.38687 74116.31115 
 42956.07176 31898.80622 66216.69248 17686.00206 47944.53897 24390.93643 22398.95542 
 32558.94691 16429.93671 39219.32081 36652.14547 13638.99407 54058.06314 59660.52077 
 12890.34432 34025.40875 43330.79503 43046.65555 33819.18881 66289.54539 23950.28519 
 36822.91550 38268.84340 
 29 
 18422.82989 18822.70644 19496.61577 11981.49003 6165.08401 13973.24299 17161.22328 
 3192.90151 8134.97554 23882.12170 14537.00392 13834.22748 13608.00802 19031.71232 
 11572.32181 8563.92894 8543.96377 14733.51061 7493.80331 18018.91605 7459.83343 
 9008.33760 13531.98236 8296.00618 14131.86785 5122.85236 12604.96145 15137.57943 
 7325.81537 7651.14030 24205.46214 3702.91663 9692.87676 13965.52252 13800.75617 
 16657.75941 10576.31003 22245.20301 22928.84382 16202.52249 8644.84538 12923.95496 
 25506.96025 15663.01880 3132.93484 3212.60982 6281.50004 9022.06945 20695.32851 
 4909.53971 15921.80344 22339.61164 11254.77615 5219.65084 12353.50877 3732.16251 
 4812.78059 23229.66715 20388.96659 20731.23734 18251.90392 8559.99823 13588.77634 
 18934.99757 9076.19830 6586.07993 4425.35717 9819.72376 20629.23497 8112.36431 
 18950.20076 17549.79295 14654.04516 11539.20211 4262.63252 2720.79422 16961.63041 
 2424.04381 13928.10675 9547.97863 20558.06389 8698.60506 20634.58613 6115.78643 
 17231.41392 9290.34162 8920.26666 13937.28243 17793.79154 14815.01022 16253.46608 
 10759.70719 20601.81506 23145.09792 8301.60483 19820.76776 10272.27870 16993.34882 
 22697.90199 14461.73620 
 94 
 60755.86975 79756.90762 91698.53688 59529.43241 47630.23984 81852.04171 58958.33304 
 32990.03216 28101.82212 94799.51728 32298.79879 15975.76276 61157.05855 70854.21434 
 24916.25252 9425.84417 18033.41228 65413.31599 17024.25881 75148.40701 6848.58835 
 50426.45478 19537.70800 44456.03388 49380.40334 10664.45387 9686.65078 70417.79528 
 46208.23976 21160.24278 101752.74775 29931.83678 462.08887 50797.30763 76384.41076 
 71748.37489 59487.18734 92500.78855 52983.51447 73193.22892 17788.80734 60811.56886 
 98973.23735 70947.27210 43508.63067 30224.36131 15170.59330 31750.92821 84468.32582 
 28446.48187 64216.90903 70596.97942 60933.48474 48362.26645 68075.28893 37417.93169 
 19290.01342 88923.65991 106815.70536 80874.06472 87967.27450 9747.25778 35250.65590 
 94311.82703 43676.40819 47259.56286 28567.61550 11253.37298 58947.08385 48281.42893 
 51504.84943 44277.21720 46841.80386 49675.46027 13717.73548 18496.85094 31188.51185 
 21328.79203 73419.80893 4713.92803 88082.85719 12231.67668 90569.61869 50952.79048 
 62321.97178 59452.81383 55931.37113 48096.09886 92677.62855 36634.51497 36089.06404 
 71256.14743 101596.96398 74961.08756 23726.39993 60751.43643 37129.66645 93915.87308 
 102601.60553 66304.86672 
 55 
 23611.69416 26415.65150 30866.58850 24139.28941 9610.45085 27587.56791 30038.68973 
 18334.74845 26942.36763 29825.59119 32281.11517 30728.85437 12859.14696 21940.80861 
 24209.44922 21809.99953 20672.70629 13909.17779 23120.96583 29825.05877 23011.30828 
 9788.27644 26782.24713 4665.50490 35630.46280 22562.59562 33694.14454 24212.48455 
 3624.35454 28699.63327 38762.50247 19456.41457 24875.00269 36842.22006 23898.91014 
 22934.19062 11480.37504 31415.80245 39324.94454 28681.63031 30231.06687 13254.52675 
 37192.53243 21841.16513 9531.86453 15979.22569 22304.04726 16693.17257 28612.38339 
 8620.90188 19999.34966 30984.59787 20865.47107 12498.51812 12787.37061 7659.04500 
 19182.86245 36667.33749 30492.40684 29241.74228 24103.17738 25171.32365 26193.24099 
 28325.84533 9983.15722 7800.73916 22588.37415 28653.17949 26988.22769 18608.06949 
 37912.69415 30142.68939 21872.83806 26532.59615 19944.71282 13873.40663 40059.57445 
 17141.68311 24488.96573 26883.09742 27381.76480 26380.99241 29151.04286 2890.13576 
 23075.06698 7890.91882 20074.44032 20497.19261 25427.24299 27908.72655 37718.96778 
 11479.27063 34472.38973 34722.73176 19413.14392 23912.95170 31912.03731 27582.99882 
 35479.24837 27729.28248 
 51 
 17898.42953 2669.96716 33843.10698 40756.67587 25505.49126 34787.61318 28943.41330 
 40981.71128 53179.82647 28366.08071 40634.30148 51576.85486 11100.80016 5810.21882 
 35328.21776 39664.01250 37322.73925 10636.20909 40567.57069 36286.78708 40194.09702 
 25189.45473 43351.98104 19815.76099 55265.85625 35593.37730 49167.91760 30404.81895 
 23621.61158 43588.89521 16578.24203 40814.21280 47753.96849 61355.50821 40144.13091 
 8178.52795 19896.61367 15300.76113 42764.54115 34782.26342 50631.18662 22175.80001 
 29530.25133 11623.80656 33176.83503 41841.05514 44299.43204 29452.43584 12533.07853 
 25849.74204 16479.48770 22609.42019 36808.22494 29250.09236 18059.21432 28256.45275 
 45744.27546 36585.31795 35086.64778 11145.93741 10780.21247 42568.80933 39503.13291 
 3965.47183 21663.92176 27001.75248 41111.55957 45143.59173 21930.43811 31814.00890 
 50130.48517 40935.72806 22706.80533 52180.52418 42214.49277 38773.01020 46544.60125 
 40157.72936 36364.19908 50101.54290 6079.20111 43919.03410 26007.16499 25078.32608 
 18968.66567 22285.69889 38638.35690 21656.04635 14981.31523 37985.57886 41210.09468 
 18589.59279 39006.96625 23410.66951 32037.05165 18451.93575 55121.42763 26604.79476 
 35594.99607 36658.17965 
 57 
 33029.62025 63517.52421 66707.63676 57482.49363 49801.01806 61350.80776 25627.09330 
 36430.62031 43939.12482 78001.34980 5089.75755 13247.92481 41512.77317 56329.08827 
 14400.27393 22449.05779 21450.65565 50734.93315 34994.91481 71408.72109 21954.79101 
 51510.95573 13029.05075 35577.42259 51039.95250 25892.11493 21471.65663 69810.87169 
 44486.35554 38081.71640 61636.13946 41813.75243 22610.12794 50675.70337 61046.30463 
 44064.52046 46298.65312 44058.19685 13465.72177 65843.69432 35236.88737 57495.51492 
 72054.73538 45980.34421 40702.38838 36555.01383 31115.72655 22871.15749 48790.73308 
 31854.65177 36970.74571 45870.71387 54363.58290 45892.87730 55236.20632 37986.12912 
 30118.48551 72555.66298 77168.74585 50052.75763 62754.09490 28623.85527 12563.25138 
 55181.05270 33684.31656 46852.43938 41718.54472 29457.68182 38871.97648 48479.74607 
 9484.45726 12115.40936 26138.33825 54659.61984 29107.09390 32957.94719 3883.12190 
 30339.94834 70624.06607 21748.10732 63574.44025 17926.09188 78933.66914 39591.50746 
 37044.30503 53806.13008 53024.23708 26203.95585 63812.60039 8914.70755 4370.22851 
 58685.95961 75801.83203 42204.67036 20560.62630 33557.65719 42414.49825 73364.81707 
 73182.57293 66271.74423 
 2 
 1103.41540 1772.71649 2013.31515 1144.97559 933.48712 1534.50893 881.40971 
 679.53403 685.75474 1792.55671 649.45696 404.73027 1038.59419 1611.40213 
 436.01321 75.39558 203.26401 1412.85748 412.31897 1573.42884 73.29803 
 967.17376 403.03086 765.19187 1039.12537 143.76447 367.98605 1335.53938 
 888.69877 470.01426 2058.27809 610.14277 212.47856 1170.92405 1304.33449 
 1302.44118 1148.56768 1418.40519 1023.24843 1711.01227 555.85610 1109.28359 
 2034.13667 1334.88752 728.44235 548.76586 366.44137 409.42027 1605.17021 
 417.96987 931.92423 1598.12176 1166.22478 958.94890 1195.51011 682.54861 
 328.96917 1710.21892 1794.65148 1688.47041 1870.56986 331.13670 527.38013 
 1464.13691 679.18381 828.42780 502.75883 379.98705 1152.67811 949.66695 
 1040.30279 793.07949 833.84417 1071.59368 208.92379 297.01661 713.81005 
 372.00613 1683.32126 314.42613 1707.33588 140.18969 2041.02956 744.41779 
 1159.64323 1169.20570 1050.41418 758.33594 1667.41156 723.50084 788.57785 
 1277.52614 1868.04222 1342.87444 260.73481 1144.19103 779.44089 1539.28508 
 1775.96673 1481.70264 
 7 
 228.00885 2929.65856 7298.69416 6950.10267 4362.34941 6520.78306 1321.63492 
 5522.66347 6342.14130 5805.48416 4062.17658 4356.39991 2099.46826 3329.71738 
 3494.61011 4235.77696 3321.54924 3365.93143 5166.39403 5969.61631 4344.87439 
 4572.97105 4008.98387 2688.70721 7280.72656 4436.77949 4986.32458 6824.78108 
 3690.75963 6106.61653 2383.70306 4913.19682 4979.34243 8446.56197 6196.21847 
 1616.89123 4030.25250 1379.72539 3360.10211 5976.91608 5905.31214 4623.38712 
 6528.31121 1083.49594 4842.46568 5285.04788 5579.77825 2908.47921 2017.63753 
 3415.25808 1105.43236 1003.79130 6795.39310 4656.67814 4657.76556 4390.64328 
 5000.47804 7043.72457 6080.16390 2098.21382 4525.85154 5080.82960 3281.61272 
 2480.89412 2345.62480 4574.86749 5217.61061 5986.35131 103.73403 5819.18983 
 3622.18511 2654.77040 1437.23518 7558.18497 4585.52967 4068.07656 4754.84429 
 4802.64929 5966.28276 5689.09554 3169.89608 4550.22410 5980.45975 3684.80580 
 571.18249 3747.67163 5314.29908 1585.78408 5229.16406 2927.60047 3908.67094 
 3911.68706 7115.33148 1046.34080 3709.82224 130.84626 6302.77850 5963.63140 
 7013.15792 7223.57939 
 17 
 11354.92249 9224.73527 8035.56144 5689.17124 1200.24168 5364.75726 11924.38039 
 4826.53871 9561.44906 8435.64062 12384.33550 12999.82983 5528.15229 6242.83025 
 10801.98257 9066.15881 9236.53973 5003.34204 9864.67498 5805.67369 10316.62311 
 143.79870 12778.62064 4013.11073 10602.03509 8807.83711 12444.72190 4481.14695 
 2117.60693 9709.14533 15040.65256 6773.34167 9979.74870 11817.86495 5524.18835 
 8134.88816 2077.25761 13176.47717 16232.14249 5511.69385 10580.33859 2011.23125 
 7566.75778 8742.07273 3129.24456 6220.68940 9281.83604 8117.38250 10838.14503 
 4925.76217 8881.98552 12038.49350 5463.28668 2393.09900 2135.43159 3188.37712 
 7987.39854 6896.35751 7532.95820 12082.00331 7510.39724 10260.35898 11523.93076 
 9844.27268 6002.43544 1187.44022 6775.21216 12170.14806 12012.84609 3122.61569 
 14455.82108 12004.57688 9045.33264 7686.28812 8359.70865 7075.28650 12796.98957 
 6086.31438 4527.47901 9853.51464 9953.33210 9533.92862 7330.44040 2248.56246 
 10741.21010 1705.59879 3260.36729 9414.22930 6743.49483 11727.75358 15045.97598 
 2358.76234 7850.30330 12041.53357 7905.46310 11349.52185 8584.90450 5051.61553 
 6755.41199 5640.91719 
 66 
 38945.87481 31933.69343 32568.23268 21161.42952 5212.37337 22265.12900 44950.33737 
 22097.13693 32934.14755 30384.75892 46217.28807 44344.73568 23320.60844 23229.62169 
 46312.22014 35034.40113 31062.72082 18862.65342 31517.18043 22237.82516 33563.25246 
 356.36830 49563.62366 15184.83619 37215.52346 30293.96629 44867.73471 18488.17441 
 6483.10241 37648.99591 57925.06180 22382.94259 39933.22873 48915.24901 20392.52115 
 33061.91176 7615.36080 50412.33497 63096.14190 19150.55611 43005.60758 8890.89699 
 33696.39691 34887.95165 11405.62451 20564.36091 31409.61778 32135.13888 45815.96689 
 22459.13134 33963.72660 51033.79906 19595.71574 10484.70598 7265.87878 11262.55499 
 27900.77325 30985.72763 28074.17846 44191.60263 30370.69093 40507.26373 42247.83822 
 35939.30052 25278.61329 4578.02072 29029.78774 43172.17691 38480.22208 11983.89053 
 64072.96636 50858.25658 31549.13111 29845.96175 29497.47579 25421.05873 60372.36992 
 22206.07148 16853.62659 37568.07882 32143.78066 41340.06509 30502.60545 7932.53710 
 42187.28399 5780.46610 15417.21660 34274.32550 27729.65229 50183.45252 56781.03540 
 9055.81420 30995.75566 46669.65918 34181.67230 41101.71500 35581.07196 24473.96468 
 31375.89710 22737.90240 
 53 
 48171.48510 41998.42690 43675.21180 13688.59635 14965.08256 22442.46950 37447.12694 
 5379.92203 9142.04150 39489.59814 36040.11734 30035.93770 30371.68822 39556.56960 
 32593.64592 23486.88987 22740.57869 33960.15345 13134.40053 27024.71555 23089.20896 
 20334.94988 28208.75414 24957.28941 12385.64736 16542.25370 25698.36413 24460.62360 
 19486.31365 10755.57842 61043.58749 4417.49518 22419.50130 18565.73541 16411.73252 
 45144.24875 26586.78251 49474.48244 49218.73067 25072.39772 18439.16803 24953.45410 
 39278.67061 41843.59831 11656.75457 4857.51484 13637.03278 25111.17872 48499.10871 
 20506.55661 36851.90130 54807.45247 12682.22147 11427.73615 26600.76922 13120.13536 
 11360.55489 41713.18417 35980.27100 55539.29795 39783.42137 17030.99945 37622.97579 
 50119.23231 28636.89893 16306.14174 6259.06193 20715.33423 44012.32085 11781.17905 
 48754.63008 41029.43806 38694.39476 8649.85939 15268.56501 12330.53954 36505.43000 
 13294.35511 27322.23357 21679.43010 46359.79613 23647.89547 43601.96262 18805.11334 
 40376.76846 23486.98492 12970.03020 31660.30357 36946.64396 39828.05003 41511.26386 
 28660.97184 39191.13418 52348.92426 25011.07781 48400.91121 10983.49472 34332.57253 
 36508.15832 20486.80497 
 50 
 21364.46348 33760.70910 48180.09471 30250.18878 20994.86385 38197.55428 17720.57851 
 17450.42800 23428.06228 39469.00860 18783.79682 16909.65478 18308.62092 29857.26181 
 10308.22073 9965.38512 5221.51696 26089.52076 17985.70969 35839.40763 10570.79601 
 20968.97880 12335.78159 10529.79451 31375.56797 11401.53338 17644.18552 36764.70839 
 15384.22711 19910.12478 38550.94830 17667.64186 15277.86112 32889.89942 33139.70196 
 25795.90463 24060.40351 31639.47041 22717.32605 37930.56063 21920.96524 23054.25599 
 41509.41769 21030.05031 15971.49343 15797.88891 16471.31676 2888.68475 35563.26754 
 6349.09675 17912.75812 28140.29701 31474.93840 20971.08462 22724.67486 15224.71337 
 14318.11942 46318.29075 44029.26241 35416.14116 36055.74177 18557.90131 12822.31678 
 28611.46150 7574.79031 17275.88593 16219.19826 17599.59544 23412.60276 25727.14008 
 22382.09101 19171.58135 12154.46730 32496.87496 10225.14726 9891.64911 22020.61691 
 9717.72625 36621.35786 17842.43082 36857.29497 10120.05892 41213.18097 14692.57096 
 19072.94510 22677.18970 23600.08305 12703.24621 33602.36248 13894.01032 17589.81665 
 25003.73209 46506.17015 25908.30809 3068.58685 20326.11090 28396.17657 35540.15827 
 47173.35704 35805.09301 
 41 
 27121.70837 41976.12121 42307.35959 33321.77653 27154.10497 36343.15858 20424.71202 
 20747.30118 18342.98601 42428.36320 9483.91337 1328.91919 30066.66949 34865.18550 
 9570.17650 5979.81659 8924.43568 35940.16811 12674.93563 41307.35278 6572.48113 
 29320.23363 4244.99048 20628.57807 28813.14318 9047.19050 3690.05632 36906.87821 
 24374.64463 15302.66067 41538.21043 17543.84134 4885.99962 25765.61220 34192.65264 
 30804.82400 29335.55326 33940.02945 18562.35084 40414.19083 13102.43451 32975.41322 
 53969.58407 28377.02170 23044.19545 18646.80147 12985.03455 12002.68807 35044.23974 
 15367.07697 26644.67553 36386.87655 30363.06589 23103.43195 30723.66500 20667.36422 
 11876.97265 50316.08825 44720.39788 36367.35504 37413.78207 8633.86271 10440.46979 
 35664.56458 16918.19681 26771.07656 14871.62216 8225.13144 25155.82161 30414.58957 
 18260.37958 15948.12507 22549.36414 29377.61034 11998.27443 13970.66220 7572.04304 
 14129.27089 38180.30492 5432.67796 40929.20954 4648.81779 48640.46968 21092.73475 
 23143.12477 29859.87745 28633.16465 21875.95747 41111.77415 11096.98825 10516.26969 
 28810.81825 46824.66338 34256.30853 10294.81333 27658.80272 18831.57738 41998.24735 
 47100.10707 32631.85122 
 11 
 4739.90900 7978.80098 12479.45975 8127.96573 6082.82528 10434.39704 2975.55380 
 5444.31941 6409.77444 12037.20632 1948.03575 2538.09189 5749.27164 8210.10909 
 333.24146 2609.18265 1446.01316 6514.29188 4482.69663 11070.31824 2381.10940 
 6550.56663 1475.73471 3934.52164 8646.17072 3562.50648 3521.23848 10603.14551 
 6115.26206 5805.01817 8467.90670 6291.51170 2948.65952 8183.63084 9675.41980 
 6120.62050 7001.69565 7050.66636 3711.19492 10739.62118 5894.47582 7166.93252 
 12603.47817 5829.84532 5226.09274 5075.34076 4763.59166 1605.05236 8145.92596 
 3637.89646 4092.94203 5766.40269 8120.58540 6162.23582 7780.44374 5070.79265 
 4423.37855 12301.48596 12552.46856 7184.36430 9440.89842 4620.92747 740.35013 
 7924.59802 3336.54930 6051.42774 5270.24387 4236.75510 4284.94269 7037.40373 
 2994.98438 2085.90953 3010.52982 7701.62014 3614.25638 3699.46475 2969.41947 
 3754.88775 10547.62010 4073.72770 9730.39721 1787.93435 11186.06869 5330.46209 
 4459.15364 6840.40428 7707.55985 2772.79137 8624.79150 1312.08897 2238.21820 
 7136.61521 11105.13205 6171.77406 1717.39439 4246.03638 7408.33477 10456.76694 
 11624.74729 9560.95821 
 41 
 29132.03866 20318.39150 5161.12013 25197.57686 18981.13436 12949.32025 36641.56180 
 25769.26836 32595.21337 3397.20514 43054.18409 47168.30872 20496.52068 15677.53338 
 42088.34731 40643.18413 32669.60543 13714.47018 36977.70992 10675.56828 41322.41476 
 16172.30299 40875.51507 25109.23372 36583.46661 32922.13023 44871.03151 12676.10321 
 19315.14970 34749.95862 35945.40593 30873.37888 43758.80360 40639.29766 20614.54015 
 22587.66767 12211.12632 30347.08515 44827.80322 9525.65731 36771.99660 10169.18193 
 5986.31008 29072.91367 20635.75192 30575.97890 31905.28486 29295.02731 27200.79247 
 30148.12826 30540.50213 39184.35423 22482.52513 21441.40793 11970.14825 21648.93336 
 34957.70439 7259.45822 6424.84629 29453.78312 11332.67791 38094.53971 36918.66779 
 21434.18498 29123.46715 16784.05582 29026.00928 39234.34217 36590.42009 18080.45590 
 45408.65481 47358.47709 33544.72224 32419.82849 32712.88972 30976.58313 44479.91592 
 31724.90511 10958.78270 38133.29413 18790.35518 40832.56049 3638.03333 18622.50343 
 35272.18089 14752.24013 18351.73114 32327.92411 6170.50742 42636.91686 50563.62172 
 11035.77993 8661.26399 40447.29259 31088.07418 33330.66614 34648.42129 1894.06088 
 7690.87441 17635.98875 
 48 
 41173.11192 53068.28163 52493.12747 27706.65834 22848.53436 36184.91264 34512.19438 
 14428.41152 7824.18017 52615.86590 27520.99783 17766.90602 33278.46309 44265.98856 
 24961.71189 12025.80205 18059.23756 38382.27972 3532.50329 37558.55805 11286.93840 
 28856.23661 16762.92131 26991.58870 14496.37609 8884.73089 11284.30399 38092.86739 
 23893.79621 3788.86643 61494.49425 10503.47068 8971.23151 14461.97462 29456.27600 
 43761.60705 35272.59632 50981.94147 36362.22180 38833.31255 1462.91522 33634.37244 
 47518.87434 38847.16528 18840.51829 11939.01956 5556.06896 23096.31607 46660.31322 
 19452.65498 37227.42602 47062.53393 24991.78843 24030.78622 34485.70364 19984.52522 
 6742.56462 45741.48501 43191.05838 50297.16963 43237.88367 4667.91603 24857.73123 
 44678.49515 23741.65066 27515.39489 8079.85487 5148.69122 40683.19603 24126.40629 
 37378.93918 33111.29858 29490.04778 17187.13715 9274.65170 12416.43039 22910.79347 
 10914.45310 34999.07231 8457.05783 47020.59627 13395.07985 50600.83896 22252.91521 
 41208.17129 28517.27782 22855.02244 32253.27764 45408.14976 26821.10324 28825.75121 
 36495.32427 43975.17531 45759.32709 17447.18493 44364.75346 9715.99449 39431.75252 
 50370.85169 32461.33221 
 75 
 43429.15211 44157.96267 53553.86991 38501.58958 22030.39355 47699.53219 32369.59049 
 16871.42066 27662.86911 53386.05181 34689.01264 26025.74692 27288.72978 47017.78178 
 22659.41334 16044.55051 13018.20501 33867.85245 18703.67356 48486.98570 16873.54891 
 25436.40110 28400.38358 15321.31419 42061.01248 12024.58386 27884.72810 42452.37019 
 19170.81463 20135.33624 59112.03416 17809.12742 21717.24576 43566.80678 44113.59176 
 38625.44522 31933.79837 48844.12927 49667.27871 48033.85227 25480.83096 34603.14277 
 65681.49776 40244.48931 13513.63196 17135.82965 16348.74984 12445.48336 58044.48349 
 5503.82416 34102.24728 54892.69970 34496.10117 19359.15555 34748.80038 12127.81076 
 15488.62888 56194.04937 54162.49236 58389.99568 55365.90807 21875.97641 30465.28545 
 49848.38045 14374.72585 21731.63742 18429.34173 28649.80949 42095.65842 29506.68793 
 45030.94850 40046.31138 24289.78631 33442.08592 11189.18424 6310.64880 40317.15387 
 8498.93211 43031.40677 25512.97106 56936.75722 16706.06556 58716.02108 14562.10087 
 31743.03894 27793.23096 26282.34874 25893.12616 50049.78203 34844.64899 35575.63365 
 28392.82820 66312.67930 49794.24597 12965.51939 38624.00195 32793.69798 55082.48589 
 62117.75825 46612.52341 
 69 
 56434.24928 50930.38971 31168.30458 10329.65174 18935.31441 8222.51848 65860.50682 
 28097.94967 34114.80087 33519.07823 75081.01582 64800.62148 46560.57573 40152.97960 
 58322.33107 51156.91397 47199.75244 35548.82633 43636.25725 11611.92117 48612.73646 
 22205.19373 55258.83522 35093.76288 31066.35711 41848.27703 53755.29813 9240.92039 
 24981.14781 39318.24686 76065.41984 29570.37006 52995.86334 39238.96756 1948.09017 
 56423.54914 25256.68285 64766.19225 87597.52563 14528.17718 45958.83312 23778.30066 
 33746.09134 51220.41233 22656.25410 27347.94694 43199.99405 47608.62970 59929.11554 
 35552.19440 49633.08332 68226.05279 8679.57742 18301.89616 25046.46460 26007.16058 
 37901.20053 27742.67728 28791.02069 64848.81970 41140.92348 52020.84049 62719.46247 
 63099.02237 42314.92626 21987.90736 30550.05308 48310.52447 60328.57223 12322.23833 
 82827.33589 64595.49140 55074.40618 23992.79324 40093.86003 37473.75041 68420.68781 
 34982.22674 12805.80546 47342.75916 57373.27518 48851.57959 38067.70691 25152.95548 
 65240.00656 25047.30970 9560.63731 51773.16003 40448.65014 61388.58227 67636.89165 
 29037.64579 25293.44265 78389.72594 50911.42742 62456.42184 39231.61773 26317.80715 
 27511.17119 2088.75392 
 12 
 4003.34951 2601.48518 9864.87483 11720.99987 8442.12755 11793.18167 6452.57582 
 10622.04257 14379.75091 8296.18805 9969.36540 12943.69124 4210.12542 3492.34975 
 9009.78988 10833.22183 9469.06510 4485.35274 13529.78162 9405.02763 10415.32421 
 7617.47224 10812.13545 6210.24337 15299.10387 11616.68476 12628.96187 11116.40957 
 7644.82818 12775.58145 1857.69056 11630.92122 12193.62364 16065.35730 12738.81999 
 2867.28714 7116.25425 2845.81573 9644.09018 9211.28595 12609.11848 6402.33600 
 8402.18847 3053.79150 9468.83614 11861.43174 12903.38199 8541.38553 974.79086 
 8592.04949 4975.79605 3863.93376 11341.77780 9099.06169 6161.69108 7815.18827 
 10357.28490 10596.76104 9945.76516 708.22236 3787.74797 11616.84903 9942.77113 
 1284.54250 6420.24361 7619.12008 12132.63471 13543.71581 4854.49197 9397.57360 
 10181.52521 8994.75829 5531.42061 13344.63448 10189.45646 9488.62726 12780.61562 
 11021.00973 10789.87729 11235.23754 2559.92911 10280.89770 7462.18870 7796.61083 
 4607.04810 7238.94941 9951.58332 6401.96362 6450.02835 8790.55535 12030.08180 
 7143.88513 10893.86807 4843.21126 8914.73746 4636.00143 13704.46569 8673.68364 
 9445.94795 12525.89847 
 61 
 47276.56959 24471.62743 9963.51679 42320.19588 33046.60878 25579.17112 52733.67587 
 47707.70065 58117.80030 3599.38669 76144.61584 67024.87419 28257.24236 18110.35025 
 61146.44412 60930.48172 52344.90760 17701.36618 51487.75665 23585.35676 61338.58051 
 26991.97221 66639.63492 34759.40836 62219.13363 54342.33101 67499.02400 20752.47231 
 29884.77280 55002.91971 51136.92504 48996.23072 63949.82529 72356.48577 31459.67264 
 38275.05668 17933.42988 42868.88875 65734.39950 18254.85783 66392.59641 17764.86730 
 10452.12814 41988.82385 39285.42845 47470.89002 56730.15813 46521.50045 39207.25366 
 44182.48473 38844.76168 54469.76760 38989.89190 31233.64889 17870.72526 38765.85966 
 48233.87296 16277.69768 13309.56514 40333.17416 15466.48613 55860.93887 59301.48759 
 33468.08454 39805.12526 31319.57446 55469.40653 67698.06679 47199.90542 33224.80510 
 66399.78682 58813.23546 43191.57436 47606.44299 54431.12150 52568.34989 73897.97065 
 50602.27879 21918.26221 66435.42297 22326.35100 55902.24336 3607.99565 28856.45444 
 45803.34714 23787.36507 35470.55870 47158.11697 7136.51892 65774.13752 64016.38303 
 17597.48202 17960.96301 49797.64439 57331.31686 48286.60721 55714.37782 7810.67527 
 13510.66477 27114.23731 
 90 
 61934.23564 23041.93569 26137.41203 67508.69919 42382.41090 49014.63284 72461.73186 
 58179.75647 89690.17199 19656.53324 99915.43938 96871.66561 37505.47885 17599.11470 
 77629.26313 86398.84223 69009.34878 20892.93769 74693.05958 42550.54388 76627.45363 
 38234.98463 90637.84159 45074.56435 91623.11630 81663.93115 96202.39823 34927.59428 
 35898.33733 75399.59331 53986.64235 63787.65195 80648.55314 93833.66254 50885.67557 
 38684.47801 26451.98658 55042.42683 86950.86606 41692.98874 88166.59497 24167.29483 
 26416.52150 47002.38402 52700.32550 59353.70077 74333.28066 58166.12807 42833.77457 
 53790.06043 53456.55360 66927.19622 59909.62960 50363.12431 24065.48127 50445.49022 
 66557.30536 30694.65124 27566.02101 43320.24804 9144.91255 83139.75502 76789.66003 
 31674.07983 52649.34280 37712.54595 67978.90713 92415.76431 56296.94686 45929.44696 
 96011.40562 94892.98896 57500.39512 83409.40150 69894.90988 59205.13297 102264.83847 
 60281.98880 37412.83594 96542.99872 25205.05161 73723.78697 15886.77830 40720.72452 
 60399.96084 32568.18830 51679.76732 58394.19521 2496.09167 95599.71804 99600.13441 
 22555.41010 33001.84930 67568.61072 70168.24688 55707.31240 83803.19482 18190.41922 
 29181.79708 50262.29754 
 79 
 69631.83897 78717.15474 84005.54503 38097.56298 36267.12022 52832.54416 60082.96832 
 20146.99577 5963.37762 81792.25465 49497.78411 34689.57941 64586.58405 77691.12287 
 46726.20859 29345.37403 32644.79297 57912.00995 9704.14617 59247.52292 25893.30996 
 45879.96546 37922.33528 50252.91324 17263.90751 19363.36820 24677.56147 59476.78332 
 41748.07796 6665.28419 95614.11536 18415.51263 24504.27345 20574.95499 42128.58431 
 66586.21312 55816.00791 79957.06415 60818.23361 59680.29503 8536.54768 53929.85494 
 90984.65748 74032.24029 30743.89004 20061.91725 14057.62324 42726.01686 77542.50565 
 37803.82451 55885.39448 91878.54620 32359.98191 31040.33652 53636.07519 32105.23347 
 14368.35590 77482.53265 67261.08642 88433.93134 74121.14318 12928.14026 46309.76038 
 87483.57477 45662.21683 38843.53280 13711.74984 14815.40287 79613.25894 41003.89988 
 64242.84769 55620.15123 55594.65540 22837.49788 19851.53174 22171.74506 43752.35633 
 22687.77719 61184.91087 19352.48938 93524.70686 32806.97440 77171.33184 36939.05159 
 72564.12769 45533.64511 41213.93034 56684.47720 69931.58735 53149.60012 50281.44506 
 54904.38151 84307.77644 86964.38332 33580.72652 75963.84439 9146.36622 63948.26131 
 82464.39017 54482.44211 
 50 
 30858.36903 15623.46638 13244.27291 29756.02724 21891.98992 25690.36911 42009.06533 
 32241.47511 45399.26900 8203.74123 52399.82030 49564.47755 18712.49448 11464.42748 
 49298.42120 41549.19916 39471.97247 11712.15719 48261.74310 20009.80626 45416.29179 
 19415.02006 46179.58492 25303.85048 50412.32975 37814.84993 57321.06877 22346.99149 
 18303.94285 48965.80854 31279.39194 40110.59809 47187.32922 53243.69982 28454.20220 
 25260.87488 14316.47065 32869.54421 54138.43924 18224.65426 54416.95136 11722.48223 
 14821.01591 26984.05427 24667.09058 35249.43546 47106.54251 37603.55026 29311.25785 
 31714.44242 26458.74121 34943.12261 31651.59455 24009.13220 13857.76709 27080.41538 
 43539.39178 16908.78589 16583.43310 24386.17439 6547.83733 50284.71834 43344.27102 
 19282.71889 29723.46790 23518.56932 41390.48626 55442.45520 33312.10626 25696.11598 
 53550.60163 48061.47388 35525.08616 44224.01205 38802.47471 35389.96144 60785.45683 
 40179.95487 21747.58858 53072.10492 13426.12733 44572.62758 9735.80545 23533.73584 
 34883.97450 17137.90458 25601.34507 32056.94497 567.57132 43167.69540 52557.15281 
 13135.91374 18941.86201 40650.08746 42074.36682 35110.77745 48562.63118 9579.52987 
 15365.96035 26958.39144 
 90 
 58227.10733 78811.39341 83336.92298 39956.10756 30826.81164 52462.49110 56019.21647 
 11201.48336 21987.29940 79338.73337 41771.68624 33257.40234 53037.69498 60476.52692 
 39269.15018 19189.31427 20225.41035 51545.82183 13450.27992 54106.36576 17527.80265 
 33547.59877 29499.63930 30205.76212 35501.40072 9688.91026 31207.52958 50857.43795 
 30239.22733 13324.58968 87572.97952 11064.69453 22236.88552 44418.95648 43701.75321 
 59282.76843 47955.34737 81456.88172 66803.98343 52253.33224 18925.87063 47754.79370 
 82988.16027 59689.03876 17809.60723 10580.84388 8959.30365 26077.47475 78193.18139 
 17659.36498 55879.29800 73554.17008 33180.03320 26973.61564 41133.88221 22415.02553 
 5640.64055 71822.99154 68156.07035 80015.92774 79243.16933 15258.25639 42557.43662 
 73480.78573 31980.01662 29794.45949 9219.20360 21885.70244 57406.69302 28792.77051 
 56838.06672 48386.98465 45247.13921 34714.89568 6358.29808 4904.74686 48094.22348 
 3609.92968 54535.57824 22168.34209 78422.65251 20921.44365 81820.19014 25036.25247 
 58586.58032 41707.09991 33726.15495 43690.01328 71261.22268 45316.09370 48676.11510 
 44103.34380 68492.04544 80216.40122 21631.05084 55363.19557 23151.72332 71064.30733 
 66335.75899 47894.47677 
 82 
 77526.75852 70850.30482 61107.75820 8952.87241 30011.54306 27901.17177 72851.73099 
 23201.07408 23275.95120 64211.80864 65575.31879 65829.88128 65079.33645 71117.63083 
 66417.66270 49013.93568 50241.73708 57454.09655 33952.40435 33968.04133 50962.52882 
 32007.24357 59190.34219 45669.74148 19571.46655 40572.59944 54617.41351 30791.90853 
 35645.03419 31355.11517 105283.61419 19628.25802 45660.88157 31563.44999 17052.30881 
 71254.60737 44380.03531 93987.40103 84461.48601 36467.52510 36631.42303 42721.91617 
 59652.05378 81392.34564 25491.81776 24619.12012 38373.73827 53806.79723 94440.11253 
 46566.49786 65360.62381 90446.66157 12422.05496 21806.49924 40154.45598 32729.48560 
 29609.31993 52748.91223 50029.26235 89726.54340 74637.12200 41106.51931 72863.76758 
 78519.44286 57037.69859 28067.05689 23970.81679 43942.40335 78327.32691 18739.87798 
 94235.00396 78329.25680 66013.90361 6456.08693 34070.86734 37974.15622 76406.18774 
 34438.06592 37534.54105 46216.84457 81344.13776 49158.20724 56941.64353 38936.83381 
 77517.16722 45279.83121 18820.36334 71552.73903 59698.72715 70804.97200 82165.88802 
 44974.43550 57255.87958 87273.47602 55420.10266 72550.28881 20210.37597 55253.07080 
 48024.96025 23241.90042 
 84 
 81437.16129 54703.56775 22456.03084 26109.73367 32913.42133 6473.24599 89492.53475 
 44519.75326 61441.27490 31335.14588 98262.05176 88252.10291 57940.63095 44430.25894 
 84609.76544 76086.75126 63290.48834 41744.67316 70749.41494 1674.89639 79295.60478 
 28292.51936 76180.88000 48485.00972 60382.90014 68397.17871 83395.90904 6980.35849 
 34932.08980 62951.54622 86464.92027 48346.18275 70903.11027 63676.21717 17535.48891 
 63632.67203 30881.76350 84716.42233 92963.12136 3238.46410 74893.78917 30972.50128 
 27169.52712 72120.81191 36269.34106 48827.78916 56780.82322 66662.47804 76662.94901 
 53353.75516 65756.25461 96929.92356 28370.41490 32979.02227 27510.55586 37871.54353 
 57915.08232 13643.67316 15763.39771 73720.48447 45354.45622 65332.52432 94418.53908 
 58493.50729 56389.11869 35470.58621 57289.64826 80044.27558 76480.04763 29035.76668 
 97798.87389 83844.78233 76841.42624 42222.86553 62082.66443 55598.12538 93835.38759 
 53864.35251 6107.47292 72113.89035 54007.27677 76795.47591 28653.65630 44056.34360 
 81664.03634 35318.89218 24224.82359 79923.99366 37958.69050 92132.93506 107225.66153 
 28678.87831 16191.76522 84206.70097 69616.96318 86933.73360 54351.17964 21533.43201 
 14185.02353 13410.54029 
 37 
 21364.50892 33424.65557 37075.62080 30103.74767 22041.31154 31509.70083 16549.95838 
 18372.66867 17043.19665 36626.34138 7495.37158 1926.72411 22117.19995 31435.70239 
 6433.42276 4787.42992 6840.56838 26163.82765 11108.63019 34036.89687 4143.38243 
 26511.06354 2906.64948 20111.25960 26492.03382 7306.62335 4821.28968 35250.80863 
 23459.01139 11509.91897 41051.68572 16799.64928 4495.43458 24753.45382 30723.88135 
 24729.57216 28808.55522 32871.09178 16441.62428 38272.68826 12679.72237 28179.81083 
 46887.85750 26048.16760 19475.98136 16636.24465 10054.75766 12012.14517 29940.08840 
 13072.90004 23323.30244 27099.84648 27276.41827 24176.40627 25682.79328 17543.56332 
 10337.08895 40098.76833 40489.48180 33410.78632 34788.72823 8038.87504 8162.67642 
 34804.33295 14903.08903 21540.15087 12994.99606 9195.24952 22214.56011 24536.58210 
 14784.91167 13160.50617 16315.21506 26839.06755 10200.61151 10814.80458 7923.27378 
 13156.45560 37088.83469 5344.34911 33200.98862 3782.64919 41784.89898 19534.15688 
 23924.46336 23564.41506 25411.12198 15915.54652 39742.09771 9785.94753 9589.23943 
 26432.73642 41855.38153 30637.96828 7439.52151 23803.31467 17351.12467 40450.70156 
 36815.06852 30291.03386 
 69 
 55829.13031 43920.36968 39430.11504 14544.98211 10638.19645 27757.48351 52990.85953 
 8716.65137 22709.88910 43808.69404 45058.08273 38830.72842 33925.61752 41408.72226 
 36850.81091 33000.42590 33948.04287 34322.46177 23166.01747 26941.21984 27887.42647 
 15961.55974 44699.45954 26615.62078 24665.41216 26382.49644 42530.77569 24997.04059 
 17101.43511 24728.43940 61750.68663 10085.20057 30019.49071 34566.05339 19160.24243 
 41715.89897 26579.91725 60538.38316 59657.94075 30627.47505 27834.82211 22716.02429 
 49162.17167 43710.59577 7673.14170 11000.92230 21808.16594 33218.51199 64162.56898 
 21127.42840 40073.51522 57466.69317 12895.49821 5257.97662 23423.31078 10731.79655 
 20721.13486 44713.88319 41487.65847 60793.90089 42137.14781 31051.12794 40883.54841 
 54533.91985 28019.08756 11176.84206 15634.76913 33982.22120 49892.36668 7303.42958 
 53690.90354 53238.48314 41422.56508 16047.29182 23283.11497 18178.88839 53069.47389 
 17884.58953 27733.24101 31204.47636 52124.27677 36036.10075 49083.02599 17063.58368 
 52162.37080 21950.48447 9415.81002 43489.36920 38371.97706 51929.00023 58750.15788 
 22570.40639 38922.56636 66528.35895 33229.00922 52606.93231 25205.05592 35997.99165 
 44505.91182 21447.54289 
 88 
 47226.28458 23197.25871 28905.58762 62280.04075 38913.62245 45841.24701 64907.45353 
 60898.04565 87156.28498 19552.36964 96544.86294 82834.50873 29228.01963 14332.84106 
 73394.48037 66597.01614 70739.75945 15460.50576 83239.18359 41969.58903 74338.34135 
 33888.41990 88592.89685 42411.70754 94315.08534 65555.34018 95752.72430 35922.12571 
 31992.87658 69259.81609 56516.27085 61500.81940 75284.26305 90954.66513 48635.98451 
 33775.55014 20337.04790 55573.28011 93991.66340 40438.39817 90528.86470 19602.83181 
 26262.99784 43772.14072 46375.53901 64122.17465 76179.27703 56674.65421 47675.57836 
 45940.96645 48756.99349 63304.69700 49660.82747 48106.06911 22647.18035 44374.38518 
 71188.01626 37575.72103 28468.93923 45528.39385 10291.03316 87498.26573 80587.04050 
 29414.92874 43030.10627 37145.14666 69687.95116 78236.23851 56615.48578 48688.60498 
 99611.07678 84258.47476 52697.15838 65664.34795 70614.30357 57215.65522 86913.57057 
 64510.52302 40220.35095 82024.35859 22396.03587 76313.05366 21791.86513 34834.72581 
 54444.31884 25651.02967 51884.61930 51576.71860 6128.94399 87765.67962 96912.35443 
 20117.92588 37288.75802 63053.62799 67734.23222 52567.65441 86282.89906 20387.52481 
 36060.43295 46297.60489 
 4 
 2209.37813 3315.02225 4038.10709 2222.11869 1706.27166 2921.20270 1976.29035 
 1238.12405 1591.37212 3853.39253 1101.87215 793.35436 2179.63386 2735.37254 
 760.15382 171.50442 285.18202 2408.93113 1056.21820 3094.42701 186.94535 
 1890.91166 703.76365 1357.08642 2261.37752 372.82538 810.03943 3133.94639 
 1607.34583 1026.37017 4032.18352 1176.83579 499.82920 2599.30311 3066.19657 
 2665.63654 2242.01537 3102.42322 2153.55383 3095.91918 1280.97246 2670.90278 
 3753.19128 2325.04894 1512.75032 1225.50267 749.56768 715.56948 3514.14433 
 946.77694 1974.65386 2978.39953 2478.86235 1783.93826 2669.13004 1320.87087 
 826.61009 3814.24362 4184.42324 3102.64860 3281.29590 762.64092 1156.49739 
 2896.33745 1334.16339 1872.53439 1198.68421 1017.44334 2197.43820 1973.36751 
 1831.66412 1609.87276 1429.49454 2436.28073 522.58821 637.34442 1252.05280 
 643.41896 2840.13061 708.59331 3787.91492 241.56101 3867.22428 1436.97693 
 2188.50220 2114.22845 1955.35924 1449.74388 3114.91260 1255.12407 1320.69216 
 2497.58679 3941.64023 2705.88835 430.17153 2278.58558 1890.58466 3325.88096 
 3627.34299 3210.87182 
 27 
 12226.27028 7688.60099 12980.21183 13744.54136 6452.41187 12525.06705 16966.53480 
 11271.32411 19541.88418 12426.84460 19459.34613 20763.87702 5299.64057 5241.10350 
 16422.98075 17750.28916 13324.50651 2135.68926 16076.04466 11584.72213 17954.38816 
 5792.53019 17651.35246 5742.89457 20476.39955 16381.21246 20089.41896 10801.59201 
 4628.18024 16110.77449 14908.01516 15052.78743 20068.22910 23842.84529 12750.27063 
 9034.19772 2433.49011 14828.78297 20104.22438 11823.66958 19018.45114 3622.77424 
 14163.86593 9604.81871 8358.14734 12413.27442 16818.61073 11936.03791 12107.92454 
 10089.20718 9738.43448 17478.08066 12320.58115 9434.83987 3409.71316 7288.32193 
 14576.90354 14272.25565 11960.55488 13486.74243 7291.78955 19514.17906 19717.62777 
 9404.93036 8482.08380 6337.89122 14041.41623 18543.71661 12777.04923 11137.19709 
 20623.29859 19995.57456 11565.63602 19328.71592 15201.63459 11847.46672 23163.99005 
 13291.81011 10254.04212 18496.56110 10248.20710 17459.30703 10214.65247 4795.89226 
 13198.73158 2698.86902 9970.10083 11756.56072 7586.80116 19037.33623 23337.89747 
 3074.44618 13065.02024 16457.71746 12424.13927 14364.37212 18722.26357 9698.04755 
 12933.75687 12804.73388 
 51 
 40407.41237 27738.90945 11735.79429 19674.73263 16146.81937 11073.98239 47867.13320 
 29405.68055 40696.35858 10344.74544 54302.64162 53666.38946 25603.77995 18357.86820 
 41164.83025 42891.69848 36463.30087 14425.07589 37486.89905 8492.03237 38637.63402 
 11139.05616 46398.07636 21500.59502 36181.90976 34564.82865 51907.29218 8436.90066 
 17481.03471 38936.27924 43948.09065 28974.38909 43495.44003 42271.65433 16105.05024 
 33281.65146 11152.17074 41234.89649 57929.67603 8538.28592 43841.08270 9510.89218 
 11671.92715 32167.58676 20555.73587 29389.55245 40226.01298 34462.15780 39914.62483 
 31170.99107 31216.36453 43271.25250 21073.78135 18362.30127 10069.69176 21706.13508 
 35400.69063 11226.40577 10999.72812 37994.93866 18340.77659 38873.86024 50088.65836 
 28998.68637 27241.33970 14375.53431 31587.60610 43176.00725 41822.20211 18102.70057 
 61893.61273 51019.35009 33278.07528 28668.41122 35453.83639 28752.85742 50297.27623 
 29239.75457 8699.11536 47420.58727 27804.60453 37401.03788 12823.09243 19913.43356 
 38656.93465 14417.38693 17358.53908 32737.61288 12610.24042 54200.57729 59354.48121 
 10797.43734 13104.17590 43006.60890 37471.66397 37138.01507 40608.57279 5630.53126 
 10131.31210 16034.65229 
 52 
 51241.17769 34332.99066 8930.49856 19369.62207 22835.55190 7155.06058 56921.65789 
 31989.81373 38924.18760 13361.24332 66048.27368 58815.03997 32555.09240 31914.55447 
 56062.53707 42835.93682 43514.61304 25404.20028 44615.20053 3713.19801 44368.51295 
 20663.74036 51737.55856 32585.24518 36247.47592 42000.93657 53177.76696 7694.55075 
 24309.13489 45171.81532 51508.53477 36122.51537 50411.18294 45583.16388 16433.84907 
 41429.62338 19437.66673 50198.77682 58801.82189 3573.90693 51558.05857 19588.09906 
 12761.26608 42094.59151 24906.14248 29743.31864 45828.66247 43028.02123 46949.32166 
 35288.47564 40481.78037 61115.40566 19158.21081 21572.45927 16724.37183 27952.63296 
 38561.91715 6349.27477 7993.89143 45486.61113 29902.55788 43000.03461 53727.20722 
 38003.52160 35700.93673 22257.53466 36042.21720 52592.99020 47883.98847 17247.30165 
 63292.84746 58181.73157 43717.43984 28124.15983 38822.21284 35784.78711 57893.96052 
 37078.97039 6309.16991 46950.82477 38004.26464 43923.64263 14569.90340 23467.32137 
 49369.13594 23238.83368 19905.33984 48547.64723 18577.48974 62090.50406 63443.93444 
 18938.26703 7191.58922 51106.09676 45681.10919 51726.70805 37603.40396 9716.13429 
 7253.26062 12179.94819 
 51 
 29082.74714 11441.99541 18618.71918 30384.92106 22262.96243 23229.24467 34326.05275 
 31003.51917 48404.06626 13026.98638 45315.05566 43712.55525 13467.42598 5519.80192 
 43803.32732 38519.43232 37783.07397 5571.46157 38686.72584 23962.32123 44474.53562 
 16484.84563 44485.73115 21670.51445 47831.71108 39218.18462 52681.77744 22939.15888 
 15197.13629 40170.42618 28134.86336 32832.26824 43802.62363 49655.30073 27563.29882 
 19293.62079 9742.01176 28696.08590 47980.15668 19624.28504 45608.28924 10981.61129 
 17485.47942 20184.78466 24557.53236 35319.83970 43976.02333 29345.24787 25647.63416 
 28520.01760 25817.71659 35816.82020 31878.18900 24439.72766 10087.91617 24357.37893 
 41819.31229 24312.40512 21499.85042 23526.24804 5990.85787 40361.89121 38894.66046 
 17377.81351 24565.46574 19860.20815 34580.18745 44810.63725 29721.82390 24788.54702 
 49219.08423 44152.57938 26182.35485 44069.09997 32920.05608 32624.02965 53669.31116 
 29796.08716 20337.29186 48150.99105 13486.94490 36258.51393 15395.95664 19548.65987 
 29247.48549 12283.06546 28464.75620 27481.51091 6196.12995 45278.22797 44647.50975 
 10621.43635 20913.13499 38619.32412 34521.64377 27202.87897 45676.13450 11888.06295 
 20634.93423 26302.59348 
 9 
 8932.24479 7245.63165 5678.30936 708.59843 3061.61455 2731.41861 8842.50801 
 2827.49705 3304.43555 6089.50514 7765.09205 7365.12659 6296.69529 7425.06604 
 7396.14702 5642.49162 6316.87596 6283.00446 4242.31715 3378.45922 5614.87457 
 3919.28226 7081.89177 5808.87126 2493.73002 5069.50557 6670.82238 3475.06254 
 4234.14143 3422.49654 11551.36551 2457.52990 5307.84074 3399.98170 1860.79148 
 8247.95212 4922.73929 9857.64789 10130.43083 3531.63002 5014.31502 4354.91992 
 6412.90679 7996.89076 2907.04156 2920.69696 4310.98473 5934.77633 8893.45672 
 4913.52890 7424.90240 10460.28791 940.00373 2651.33956 4683.56149 3552.88565 
 4323.05064 4786.81467 4977.39965 9246.42799 7809.94209 4930.60977 8750.83301 
 8030.74018 5712.34436 3493.63869 3303.39488 5708.89664 8665.57794 2139.46144 
 10830.67076 8354.20052 7899.81042 1163.13323 4292.93608 3913.60744 8181.32824 
 4277.92652 3502.56452 6199.80947 8310.35279 5853.93104 6237.48915 3830.49522 
 8563.15432 4947.99233 1802.59114 7321.96251 6980.92406 7437.67632 9867.22336 
 4694.87944 4992.43861 9909.05346 6548.29491 8643.42669 2612.58711 5878.22815 
 5296.85770 2219.35763 
 2 
 460.42077 379.49111 1486.30288 1517.53243 945.77381 1367.70394 853.58478 
 1223.51738 1924.86316 1175.19911 1373.43223 1705.49072 233.38994 457.54427 
 1169.41042 1362.68254 1131.18417 481.74323 1626.43080 1432.58277 1417.64095 
 1000.77848 1333.09814 695.99109 2175.22191 1472.29762 1806.82471 1227.07493 
 759.40036 1690.56765 619.82485 1405.51294 1535.29374 2311.39863 1503.91551 
 79.72027 754.05031 481.00526 1364.28239 1376.05207 1911.40604 773.40803 
 1525.15505 198.78926 987.88196 1308.95540 1624.18272 871.28807 473.51304 
 940.67578 346.97403 699.42926 1525.95623 1185.74288 782.52074 1076.51574 
 1318.27015 1328.09667 1269.89684 414.95519 677.38920 1604.78756 1314.43363 
 293.45051 697.14683 1007.63221 1507.03279 1561.43292 578.91669 1429.42769 
 1337.53565 1094.95952 627.37540 1748.60071 1437.22180 1136.96391 1640.71424 
 1322.24645 1393.19306 1515.80426 480.73649 1439.95915 1274.64400 887.62099 
 555.90690 789.42072 1437.13932 604.94302 934.82913 1308.97195 1336.97098 
 772.45260 1485.42642 748.11021 1023.14317 533.45926 1896.80793 1096.01073 
 1432.51541 1679.78628 
 26 
 19599.40397 17185.65511 14866.43125 4110.91635 3480.38231 7373.13646 20152.32389 
 5526.28039 9076.30693 15446.74919 22570.67835 19128.29960 12443.40564 14916.58359 
 15303.26978 13974.83240 13830.18495 10460.79354 11037.10885 7987.77485 13519.86832 
 4844.76811 15460.21144 9561.19976 10757.87076 11755.25981 16179.14308 6612.32128 
 6145.61868 10453.07782 26900.75024 6399.45752 15442.82031 12969.53638 5275.75698 
 15770.77943 7848.80557 24973.93308 22910.88974 7646.76226 12927.97414 8315.52916 
 15983.12734 19290.97455 4037.04015 6441.87951 10271.76858 12212.01229 24283.07397 
 9399.26347 15794.90009 24713.87641 3924.57086 1566.66337 6974.28350 4362.40819 
 10392.34460 13726.34683 13177.04916 22445.39949 17216.71308 13812.86878 20505.01090 
 17234.65042 11837.81782 3426.52582 8478.77999 15872.83620 20396.89920 947.09508 
 22341.25431 20579.05533 18056.17807 6728.90896 9407.81957 8005.08443 22341.91274 
 7907.17433 7885.04902 15601.38839 17081.68570 14140.22977 16315.38312 6626.51074 
 19866.43071 6267.80906 1669.25506 16114.72236 13959.92937 21719.11477 22592.91170 
 7712.72845 14595.13376 25373.70708 12898.24700 21590.74274 10691.02065 11545.13553 
 12027.95568 5845.81850 
 99 
 16967.43380 54821.65296 98342.68240 85534.40759 56419.25290 87463.06163 8032.40933 
 60056.63764 78761.47620 86900.68900 40006.74729 48117.09932 38707.91633 48535.49192 
 26276.43686 45627.99928 30821.15943 49086.28751 57890.30285 94059.71160 46301.90684 
 57712.99573 38494.78832 34642.31333 104655.34366 52078.97148 57260.21761 89841.62270 
 48174.60012 69219.93035 53655.42790 64439.72142 53703.99249 110512.45660 90030.25807 
 35091.11471 59724.90552 38990.08307 35874.57961 90920.92402 71948.15619 61499.65442 
 97817.28189 26440.22659 55935.27889 60004.98792 65722.70101 26667.51643 43862.61652 
 34809.69071 18072.02733 28598.02731 77081.72742 64676.20826 59045.12263 50116.26576 
 58663.40316 99781.90272 102082.98718 45071.10740 60309.75186 54899.55148 29730.91088 
 49655.93248 25508.94849 60964.35984 58793.52255 66547.37960 17878.51717 74599.55635 
 39820.24005 25211.69018 6269.30140 86699.85824 54677.52662 51992.75716 48635.11568 
 56392.15555 93758.53930 56719.13479 59579.74382 44126.26959 97175.41928 49649.79057 
 12006.57387 57685.31459 81221.02937 7317.94161 67595.82217 28257.01193 40579.36716 
 57837.12452 98890.91520 29596.33196 28834.96570 14269.76617 84270.40424 74840.00058 
 90859.84394 92781.18646 
 91 
 45863.74243 78273.45564 99765.21649 79693.96742 56420.64830 101429.78954 26336.01465 
 58898.18099 58684.74337 102728.37884 7001.00840 18501.40690 50131.62654 73076.02670 
 8315.10269 24863.24192 21420.84388 65916.06099 41291.12090 101615.08171 26784.98338 
 68560.44764 13437.48175 41912.10824 73478.77579 32583.52191 28080.32907 84392.94965 
 54257.54769 45370.61637 79761.07416 55607.60108 29765.85654 70240.65329 93378.80438 
 57838.57173 61195.64462 57463.77695 20720.00241 99076.45594 44951.99063 78966.14170 
 99624.85043 51702.02074 58000.05305 50221.52556 37294.35224 23345.78731 70713.04740 
 38333.18478 39427.58025 59710.09917 71175.97587 59366.54373 64593.57476 52891.34345 
 45433.21715 107198.58938 108493.37895 65782.27630 92645.79985 42942.59445 4202.13856 
 76142.80103 31720.42227 54884.90352 55396.89472 39539.21964 39873.76173 76401.89452 
 18657.69272 11393.94859 31969.14015 72016.62966 38360.34240 37124.92549 13822.69566 
 44010.99680 94610.11197 32839.22904 86449.76352 19895.43874 111302.38369 53728.75317 
 41533.76055 61397.00477 66345.02911 28098.04525 89090.76530 4162.24617 10174.08509 
 62417.55149 114463.88126 55828.52637 20942.36986 40635.65431 57969.58313 92687.00225 
 98082.62479 79443.01357 
 67 
 46462.76554 53773.67422 60207.51123 32961.85016 25693.39484 49325.69844 37117.42652 
 14978.09648 19163.84200 60210.10126 24746.48883 20229.95505 33105.68323 43308.03680 
 22107.62394 8042.09663 12230.02878 38846.58255 9802.55247 43590.74661 8016.50705 
 27890.88840 19717.00380 25803.90175 29562.86698 2055.47944 17744.84040 44724.91917 
 25904.49234 14070.44766 67200.68060 15042.53504 10772.73255 31216.13679 44422.32938 
 39271.21048 33920.77884 60399.78853 37381.27365 44131.10807 17319.46823 35112.13940 
 67300.22776 44601.27714 19266.40405 14835.14397 6707.52233 17097.29340 57887.19936 
 14097.58014 35423.23058 53035.58752 35679.89957 22398.88372 41346.84184 17710.56759 
 7043.95331 58879.37319 57734.14300 55413.29472 48808.87853 10492.72063 27119.67243 
 54604.36835 23675.35910 28130.19073 12820.65909 14379.85580 45208.60268 28460.70050 
 36565.53523 34858.33860 31567.78843 32703.40715 1212.34210 5413.06056 30137.64484 
 6121.31999 48915.82687 11146.44929 61375.06532 11445.90902 53925.46566 24554.58759 
 39016.63516 32513.25646 27396.70943 30240.69742 50123.51183 29379.51703 29812.71631 
 33584.56592 57325.00152 48485.39755 11410.59981 44147.95693 25951.78190 51995.47565 
 64768.30352 45908.41606 
 75 
 63675.54522 61070.19804 62315.74465 22072.31066 23304.29372 37773.19785 58827.81472 
 5804.11107 11724.73081 56925.64675 45048.08959 37630.53663 46490.92387 55938.32957 
 40492.10258 26585.03831 33661.11462 47394.75014 13697.75579 41897.81960 28419.55890 
 26659.29801 36410.04319 36659.03948 18067.92122 20503.40215 35919.22332 38424.38937 
 29823.95943 13543.23657 81927.08046 3696.91992 24980.92237 23506.10705 29761.12908 
 60706.39818 34047.37872 67111.89422 62571.15357 43803.66669 20402.36928 36325.92243 
 61440.69992 52679.35031 15765.20597 4962.05785 14235.51701 33797.39735 78857.27615 
 23257.42485 56711.86375 68992.31533 18126.07502 15914.81552 39210.24354 18415.75654 
 14292.31330 58972.53015 51567.63681 66099.76234 57090.44932 22469.04211 43522.50099 
 63411.63568 40093.98652 22823.82207 6704.94122 28812.37843 67630.24962 18261.08316 
 60966.32811 52173.60093 51181.38288 15737.37832 16402.49459 17374.61454 53293.63475 
 14674.09832 36239.71155 31142.39095 61559.53929 34890.43782 62196.25210 23718.90749 
 52059.25470 35516.49602 21023.10109 43217.69556 60674.86324 55442.96853 58524.58652 
 37986.97748 57895.93298 75478.97845 29109.15418 60333.87717 13739.46956 47904.69117 
 54954.24493 29548.62776 
 1 
 589.01336 549.62240 674.43128 393.20031 117.19671 419.59690 577.46893 
 194.42306 456.13545 679.19189 634.41825 588.59304 345.78410 495.44588 
 467.27951 356.50613 318.73425 348.70081 339.65051 524.57603 408.45282 
 189.87413 547.10236 169.46886 527.73966 310.91851 531.86947 405.99847 
 106.28161 402.27248 729.52724 241.58382 447.64021 587.69031 412.85137 
 495.19813 266.96510 651.86017 820.21320 468.37301 465.88295 303.33537 
 643.35200 496.70758 64.51994 218.64304 302.51135 292.44282 739.56483 
 138.53197 474.36718 705.18672 323.35253 142.36774 257.35683 32.90272 
 318.21765 672.92140 599.16166 619.37650 552.61184 373.57745 472.16901 
 652.55991 245.40642 131.00142 306.53384 526.04386 617.37975 238.59869 
 670.56603 591.18108 444.31358 390.09235 281.86464 221.98328 665.95686 
 212.42178 391.93566 486.19685 603.76143 388.75643 618.71129 69.11571 
 529.46580 217.75346 293.69548 388.22099 505.84078 555.77312 727.85576 
 303.74653 597.36573 762.47578 306.06121 555.58403 413.55886 549.00859 
 604.45719 456.41805 
 17 
 11588.08488 14300.83130 17328.73852 13154.86371 9889.04318 14462.94159 8989.43915 
 7441.75442 8337.17246 18730.95343 2994.83757 639.78732 11734.07961 14296.28321 
 3378.01913 2164.15422 2934.23293 12981.43527 5299.68851 15450.10002 2469.34597 
 12690.02460 1111.24646 9710.68968 12418.78455 4118.18966 2064.94472 14830.35744 
 9721.92603 5631.54733 17836.59449 8424.07019 2370.91815 12076.39600 15901.80858 
 12855.60110 11531.57389 15794.95276 7914.81390 17881.96329 5358.22871 13563.87951 
 20879.42203 11618.77168 8911.59715 8212.03891 5221.60108 4587.54966 16014.26393 
 7076.93329 10468.69543 11759.65756 14019.12370 10675.23057 14530.46949 9173.67311 
 5277.47940 19433.96993 19445.99302 15766.28889 18238.73665 4233.63154 4219.17279 
 15184.68989 8024.15367 10739.70344 6766.61060 3959.93695 10387.52579 12252.08732 
 6203.03641 5250.54457 7647.02863 10423.37422 4655.82341 5563.11742 2847.42931 
 6423.82257 15880.75933 3051.25741 16239.45210 1735.87754 19527.32563 10381.32228 
 10036.64212 11877.18096 10760.00323 7089.38992 17729.58380 4199.06306 4562.74057 
 14404.80977 19317.24353 12489.13310 3763.97520 11570.33106 9559.80119 17106.06185 
 17657.23088 13921.82477 
 2 
 820.87377 1267.26098 1761.69675 1249.79733 762.26397 1418.97468 698.04713 
 685.09503 1003.02821 1587.95059 858.57443 740.35573 715.44693 1189.38372 
 533.80120 452.78877 310.16542 874.01910 822.47149 1499.50041 478.37464 
 689.03717 554.40824 322.88374 1386.99378 471.55570 863.93213 1340.28794 
 616.57641 797.88432 1339.47554 706.47570 699.48802 1573.28163 1179.71344 
 962.36415 769.80511 1323.86685 1034.81546 1303.07244 838.53166 995.79987 
 1823.02131 795.55401 556.85941 637.95562 644.71086 158.64616 1169.11485 
 152.40931 640.67637 1237.94873 1050.32952 657.90921 977.73765 450.79625 
 546.56264 1715.80929 1489.18475 1367.54128 1307.89664 740.23497 560.11445 
 1159.08602 206.61724 632.87299 683.37280 907.51984 909.46240 949.35868 
 982.96406 728.32590 469.32590 1151.05260 452.64547 387.24945 937.78723 
 472.26367 1454.42425 790.23183 1282.25879 445.69835 1442.64856 497.65473 
 751.26760 656.49682 948.94761 450.73991 1329.49102 731.65851 976.66580 
 866.39438 1823.08165 1013.81778 218.03039 752.69875 1165.18006 1536.18263 
 1564.35406 1245.63549 
 71 
 50532.51719 57951.08356 47112.82135 18545.10115 21403.52249 34392.30892 55445.31969 
 4784.08686 13685.18362 59826.01731 51472.07932 39797.63046 41961.47406 49522.18362 
 45301.95131 29239.92121 29928.34883 42072.20751 16719.72765 40089.20152 28268.11812 
 25462.01174 40877.13376 32968.04435 20611.72424 22507.56747 35702.79398 33860.53395 
 23331.82779 15740.66730 78057.95242 4686.64732 29906.04909 23877.83673 22584.52912 
 51125.93050 34199.03591 66153.78400 66514.58363 40512.92592 22417.78285 34149.34165 
 57481.33353 58030.14524 13867.38485 5848.98726 15505.70197 31970.72724 66660.06412 
 24832.66775 48677.50583 61219.96857 17569.06233 13651.98708 31190.10902 18301.86173 
 15447.07603 46403.30279 50603.97657 65290.61878 55094.29471 23622.43549 44439.12018 
 55117.77727 35285.89933 21746.34281 8509.35206 26562.08838 59788.96241 16083.53358 
 62465.65544 59330.23138 50049.05204 11986.79491 16684.86580 15145.31109 48274.88172 
 15397.91605 30514.90240 29838.53453 56738.03510 32661.53095 60910.26807 24761.06238 
 55563.44227 27109.89106 14887.25578 44417.43096 50147.22192 43326.01562 54736.67068 
 31706.53984 49567.01021 62883.86031 33232.64740 59717.90204 15350.60361 41329.62134 
 46444.06049 29960.14073 
 93 
 47864.04209 66800.37691 73605.81980 40013.94633 22725.23308 59630.32832 49375.45862 
 17126.74612 35508.54964 75716.53032 43178.23350 33359.57157 39108.61461 48445.59168 
 30601.84832 20091.61320 18304.15656 45642.31084 23023.91322 63393.03565 20744.66973 
 30419.71119 33057.95208 21716.26539 45642.22423 14962.58129 40106.91757 55736.04349 
 20787.02322 27626.29168 86812.17804 22143.54495 24641.94940 53826.98179 52884.16457 
 49714.32688 40668.61708 68294.79556 61846.44733 57943.62740 32060.14552 40310.04606 
 69678.06182 43662.04216 14696.47286 17529.53234 19460.61893 17472.61983 65809.60013 
 7525.74994 42182.32291 66209.78318 36007.10538 24121.13490 34863.52876 13155.23703 
 16609.51200 64262.72578 65042.79080 72227.33352 60724.04380 30198.18791 40915.68040 
 68258.77718 20724.09755 27317.67024 21709.21341 34660.08861 53883.60077 29834.43882 
 56074.48734 44932.43874 34253.23110 38871.66698 13266.37507 7854.85077 47396.40619 
 9094.69716 47399.59248 32774.27600 71777.03532 23160.60215 66818.87565 20707.78795 
 45007.28421 31106.64522 35193.60212 35265.69812 66432.27307 37605.59751 44286.74320 
 39224.56886 74338.51383 62695.50106 18416.44048 48485.66769 38139.87634 60106.94015 
 67338.20348 53850.03427 
 69 
 47575.27196 45324.85538 32330.37770 14251.00954 4639.30662 18380.85728 55964.47531 
 16925.34781 31354.88051 36455.04990 59160.12958 46624.73405 33808.70431 32426.88340 
 42397.82347 38157.93463 38362.22369 28782.67497 30087.51684 23112.97175 38348.91715 
 8887.26948 50535.18138 24249.00246 38200.49230 28917.08113 50944.02715 16748.30022 
 13306.49616 32161.65746 63719.70887 20352.52840 38225.37055 41312.03541 16857.19536 
 39914.69873 17041.58591 63239.20822 68282.23526 22096.15476 39676.33272 15418.46117 
 34993.83494 40470.90663 10053.47913 17853.20044 29431.17585 33829.20874 48595.72958 
 23953.19611 42446.51015 59731.87640 12265.15626 3920.65541 16791.82599 10510.57806 
 25902.50970 30569.71964 32179.16993 56745.37921 39939.97713 32731.86583 47067.81363 
 45351.47365 27043.79659 6284.92602 25366.97368 43295.84042 50768.86403 4386.89772 
 56973.36994 60356.53124 42770.20227 26272.84200 29421.55906 23748.68229 63374.15964 
 21136.17087 17572.48249 36849.31802 47809.88517 37360.84895 34523.73562 13201.92593 
 46012.73606 15384.95940 7723.27795 40341.11830 34952.05896 56607.67762 57924.67968 
 17497.81390 31399.11782 57711.96419 37513.64133 47679.18341 29304.50361 30796.21959 
 34197.14514 16212.11403 
 8 
 4551.27095 4324.41852 5047.46383 3191.44346 1284.42137 3908.57102 4762.66950 
 1438.35602 3149.13298 5526.42024 4568.99506 3708.83718 3037.02335 3953.91323 
 3191.95053 2765.79701 2507.25837 2696.75158 2940.02465 4336.79662 2748.64195 
 1580.36120 3977.38457 1242.51327 4193.37059 2379.54239 3955.48300 3426.62303 
 1233.52737 2829.85653 6972.30150 1726.18596 2998.59216 5272.31050 3642.35377 
 3904.83667 2186.06587 5852.69575 6065.96578 3998.71736 3896.59253 2581.83274 
 6107.79612 4336.85353 642.29945 1596.91490 2503.13699 2469.65756 5755.73273 
 951.03204 3069.73997 5625.31400 2675.90854 1194.88309 2408.22559 379.60422 
 2211.94185 5515.57430 5519.81945 5791.91743 4404.67903 3335.58830 3653.03473 
 5111.32667 1737.80465 1262.62055 2091.69349 3280.50845 4214.91308 2184.63194 
 6118.30779 4906.48951 3113.72053 3431.02006 2087.18123 1539.56082 5073.51620 
 1584.87353 3955.59457 3775.68689 4681.63509 2888.48468 5637.11353 867.40908 
 3911.85772 1810.46714 2432.02192 3492.21390 4450.12797 4425.12605 4967.22904 
 2658.91882 5817.40459 6094.22117 2487.48353 4839.15679 3804.65764 4491.50439 
 5097.35121 3279.42110 
 36 
 11566.47514 18482.69374 32751.93756 25965.55060 13833.65378 29954.54343 9585.32970 
 17174.19074 22756.33028 31987.63151 12112.61027 15745.11105 11270.18041 16978.72709 
 7540.57910 9586.98129 6476.78908 15409.06414 15082.17309 30199.23280 11156.77950 
 16345.09291 12140.63460 7597.25656 28797.53642 12122.41269 16571.04581 25469.23810 
 13582.79422 16830.97515 24686.27201 16712.19377 14091.02715 26271.15718 27640.62729 
 13929.59846 16366.29748 18160.36023 15862.29447 26006.79761 21815.99110 19696.72562 
 33493.71041 10823.46315 13650.74799 16108.33718 14397.06699 2381.96254 21035.30254 
 6609.09988 9060.69241 15207.01708 22432.35112 16279.56958 18529.83114 11970.61879 
 12988.59038 34951.85359 32178.49620 19256.39325 23616.85557 17047.48740 9035.15444 
 17904.66776 2780.58638 13330.75595 15923.01631 17844.32723 11791.67918 19750.13459 
 15085.47149 10677.96467 4606.23967 25892.47885 12470.77018 10369.69769 15464.01242 
 12263.93203 26202.86927 15851.86030 23608.58204 9608.88002 26503.95485 12498.25419 
 9410.04713 16304.13819 20341.11717 4783.13365 26648.61221 10969.83076 16018.52153 
 16523.62065 29116.65063 15458.15692 5238.53007 12732.45757 23261.33376 28384.47407 
 33309.99795 24758.51753 
 40 
 24994.75364 28470.76981 26033.38560 10220.79493 3696.33753 13808.20444 25487.59579 
 5213.59327 14082.55221 21974.36531 26910.07615 24896.49569 16510.30015 21224.49399 
 24354.68003 16977.50463 15243.76690 15774.39045 14898.41908 16461.19071 16678.40873 
 7295.26425 23497.55375 12020.43922 17539.90175 12101.50495 20093.49000 13745.50129 
 7639.17788 14977.83978 38885.28947 8104.45438 19576.04977 23852.03372 11403.10043 
 24611.73215 11194.47852 31460.15498 34079.17376 17369.42926 19848.95749 12054.19451 
 26629.56251 24445.25980 1812.47007 7395.48133 14591.79113 16680.80834 32848.13798 
 9743.57193 22186.39832 36385.22007 9259.55237 2106.60489 11706.01427 2947.99048 
 11576.55387 25782.48386 20665.94693 32807.61045 21878.10447 15781.75685 23333.99172 
 26169.02746 14773.96685 4172.96874 9426.41082 19648.18993 26186.25024 5309.32948 
 34082.12211 27431.24574 22213.87067 13861.01080 11931.51638 8430.08114 29238.59363 
 9876.92997 16617.03279 18137.47438 29525.77198 18034.57107 24552.17337 5978.30901 
 23524.15181 9568.39327 7056.35130 19666.69584 22522.48491 28368.10225 31324.04788 
 13114.33389 25120.36026 34484.63852 14158.36689 29691.66573 16788.18975 20042.27022 
 22886.42338 12688.74419 
 31 
 14317.17247 23318.83091 35405.10871 25000.63939 21778.44914 29568.75882 9059.48686 
 19202.69761 19076.43730 33221.18781 2790.23702 5700.33428 17333.65188 24507.62182 
 1789.94080 7629.00472 6183.67239 20161.92776 13240.46702 32987.80409 7297.78826 
 19184.54489 3264.79938 13147.68581 25231.32444 11666.02247 9453.10324 28151.35228 
 18924.61143 14895.27709 26721.86577 16857.71625 8854.13677 27784.60943 30660.32382 
 18237.80792 21591.69238 23528.18740 7750.62292 27860.27029 14426.16748 22402.72242 
 34079.65145 17367.79953 19118.53932 17438.11532 12491.01899 7534.00203 25789.94366 
 11656.92154 12954.37316 17284.32570 28419.48727 21352.99683 22080.90110 15879.03502 
 12495.67638 38820.31195 34514.46241 27111.15256 25536.85539 12878.58038 1418.54260 
 23132.81701 10473.16416 19298.93490 17374.41403 12934.98901 14356.62512 25548.00718 
 7109.71447 5130.52864 10473.30570 25916.93233 11479.70533 13057.99684 5042.30275 
 12971.96677 28902.21013 10995.36529 29996.42616 6032.76908 31300.33086 16385.39368 
 14812.76522 21068.34914 22750.29086 10917.60298 28576.79252 2187.06077 4122.76043 
 22066.43226 36878.85909 19296.71028 6430.12453 13733.02924 20177.63197 29731.34934 
 38045.86803 27277.53514 
 80 
 32259.57480 16795.57233 63691.09337 79773.06006 62228.92435 76809.98946 50442.66555 
 66756.28926 97235.35853 52502.73275 75030.33060 74777.79322 32203.77701 23849.69652 
 65258.31736 75227.97152 61964.64280 31128.78453 86499.81092 65568.05737 81534.89434 
 50989.27073 72764.62461 50970.51015 106504.11612 82463.12485 89468.99989 71737.70093 
 53187.65541 85505.83646 13152.05445 85521.25619 82853.61315 96511.35302 81966.48930 
 19209.83286 47650.06113 18925.39438 66612.92593 69474.85636 100469.82911 52654.12783 
 66107.37910 23666.73563 63705.15795 69201.12792 79086.24453 60175.32549 8742.64613 
 60267.18224 33793.47280 32645.85093 80325.84463 58322.76925 50301.23228 61790.72755 
 78600.66668 61707.33686 68588.47923 6364.55527 31712.41463 81019.74436 60145.49548 
 9832.81337 51729.96555 63423.47526 76627.99257 85794.73424 31766.08884 71328.26683 
 76875.49950 66801.83701 47382.63307 101228.76090 78326.16327 64100.88195 89600.78522 
 64471.80607 71910.16689 80174.99554 17302.52771 69581.67956 58167.04884 52477.02612 
 36871.42687 45004.99758 71147.33667 45814.83530 41725.53080 67003.38249 79443.78432 
 46502.29780 76257.23568 36021.18605 68294.44473 35028.78466 99439.62199 52592.86046 
 72189.46850 83285.49706 
 41 
 5026.41715 16508.95104 40668.24869 41570.19660 28489.37284 37892.24728 13867.64849 
 30411.37170 43473.29495 33956.97494 25638.02905 32011.12790 11942.32089 16034.28251 
 26459.43982 32094.43377 27972.30798 18767.49225 36941.07675 39324.18845 29104.71805 
 26752.24114 27628.68537 17897.28919 44599.16142 33875.07792 38727.60495 38382.36471 
 21857.40516 34757.69417 9213.56578 35188.94393 35076.25392 46439.04346 37522.61315 
 8528.94210 23778.05545 3117.03374 21600.58373 33896.83748 43000.51801 24136.36265 
 34563.40094 6721.61514 26655.12265 31634.27089 35082.10708 18383.94599 6874.27227 
 24018.18268 8536.85126 4962.84808 39679.91315 29625.87121 23633.19347 26403.93418 
 34983.61685 38498.54374 36934.90928 7637.87351 21194.46500 35817.11510 21609.04232 
 10592.24832 18035.39405 27852.39984 37060.04074 38782.64608 5468.99953 36446.87572 
 24529.55759 20092.29534 11056.35258 46704.09512 28244.50880 29720.69511 31698.33525 
 27501.54981 40259.04323 36146.24537 15405.17758 28994.98705 32580.53697 22975.16488 
 7137.58890 25277.06028 36725.80196 13992.03856 28957.87564 23164.85317 25675.80139 
 25412.36263 36687.49720 6456.92366 26092.22017 5697.06965 43850.46075 32415.12804 
 39079.87944 39361.68277 
 97 
 46863.09343 34727.47854 52024.60788 47724.45611 18649.02622 42456.52247 50574.08672 
 39282.98757 60968.29105 43201.15120 65343.02889 71958.21131 19758.46334 28009.04055 
 57885.49709 54469.67167 43195.89530 14863.36676 50447.69131 39398.14015 54704.50393 
 14918.90863 63467.62190 13515.03094 61403.73527 45625.35264 67960.74697 36256.05229 
 6374.34851 56154.24343 64833.23348 39566.33146 59058.19155 69033.05588 46376.30286 
 32763.68382 11922.13576 61842.46280 83518.37741 44120.99457 70063.83909 15016.91845 
 52644.03032 36518.39995 23453.85591 36601.05546 53424.05441 38194.30115 50619.56398 
 23571.09741 34544.16565 58396.66047 38282.44443 23383.03484 14340.48843 19626.61845 
 44372.00664 47531.67547 47066.87596 55776.17808 40913.79536 55092.07601 52089.16366 
 39835.98882 23721.71901 15145.42291 41540.01181 61244.01890 45372.83486 31057.73729 
 80624.13079 65997.35525 43512.91345 50830.08874 43271.32424 36036.75511 80564.24577 
 33667.35129 41395.73127 63666.19173 41715.30528 55802.99092 48036.05064 10729.42145 
 40156.20418 6035.84930 36589.70376 35644.97811 37871.59334 57010.54071 69374.82036 
 11767.59257 58268.12003 57635.18069 38712.30416 42703.43788 65334.90587 35168.52038 
 53052.28752 45934.31220 
 25 
 5613.06033 10808.41134 21511.60921 25765.19611 20726.54029 26039.67276 11368.10617 
 24624.63757 25421.42960 23220.84557 18650.10465 21495.37745 10449.32256 12782.00677 
 16785.13284 19010.24391 16891.78275 14807.21361 23874.64617 25362.59310 22141.60709 
 19371.41621 19948.65406 14448.19940 29664.34887 22793.60745 25913.54667 23428.59247 
 15671.93299 23482.09434 3235.85984 25573.63702 23758.88709 32081.01521 24440.89762 
 7520.49201 16797.49719 1507.60271 18218.48090 26439.25901 27830.33724 16279.16978 
 26439.14924 6028